TRI SELECTION : 

- Meilleur cas : 
>>>tri_selection([0,1,2,3,4,5,6,7,8,9])
[0,1,2,3,4,5,6,7,8,9]
63

- Pire cas :
>>>tri_selection([9,8,7,6,5,4,3,2,1,0])
[0,1,2,3,4,5,6,7,8,9]
103

--------------------------------------------------------

TRI INSERTION

- Meilleur cas : 
>>>triInsertion([0,1,2,3,4,5,6,7,8,9])
[0,1,2,3,4,5,6,7,8,9]
36

- Pire cas :
>>>triInsertion([9,8,7,6,5,4,3,2,1,0])
[0,1,2,3,4,5,6,7,8,9]
171

--------------------------------------------------------

TRI A BULLES

- Meilleur cas : 
>>>tri_bulle([0,1,2,3,4,5,6,7,8,9])
[0,1,2,3,4,5,6,7,8,9]
81

- Pire cas :
>>>tri_bulle([9,8,7,6,5,4,3,2,1,0])
[0,1,2,3,4,5,6,7,8,9]
216

--------------------------------------------------------

TRI A BULLES OPTIMISE

- Meilleur cas : 
>>>tri_bulle([0,1,2,3,4,5,6,7,8,9])
[0,1,2,3,4,5,6,7,8,9]
11

- Pire cas :
>>>tri_bulle([9,8,7,6,5,4,3,2,1,0])
[0,1,2,3,4,5,6,7,8,9]
271

